125
0 0 0
2.9 0 0
5.8 0 0
8.7 0 0
11.6 0 0
14.5 0 0
17.4 0 0
20.3 0 0
23.2 0 0
26.1 0 0
29 0 0
1.45 2.51147 0
4.35 2.51147 0
7.25 2.51147 0
10.15 2.51147 0
13.05 2.51147 0
15.95 2.51147 0
18.85 2.51147 0
21.75 2.51147 0
24.65 2.51147 0
27.55 2.51147 0
2.9 5.02295 0
4.44089e-16 5.02295 0
5.8 5.02295 0
8.7 5.02295 0
11.6 5.02295 0
14.5 5.02295 0
17.4 5.02295 0
20.3 5.02295 0
23.2 5.02295 0
26.1 5.02295 0
29 5.02295 0
4.35 7.53442 0
1.45 7.53442 0
7.25 7.53442 0
10.15 7.53442 0
13.05 7.53442 0
15.95 7.53442 0
18.85 7.53442 0
21.75 7.53442 0
24.65 7.53442 0
27.55 7.53442 0
5.8 10.0459 0
2.9 10.0459 0
8.88178e-16 10.0459 0
8.7 10.0459 0
11.6 10.0459 0
14.5 10.0459 0
17.4 10.0459 0
20.3 10.0459 0
23.2 10.0459 0
26.1 10.0459 0
29 10.0459 0
7.25 12.5574 0
4.35 12.5574 0
1.45 12.5574 0
10.15 12.5574 0
13.05 12.5574 0
15.95 12.5574 0
18.85 12.5574 0
21.75 12.5574 0
24.65 12.5574 0
27.55 12.5574 0
8.7 15.0688 0
5.8 15.0688 0
2.9 15.0688 0
8.88178e-16 15.0688 0
11.6 15.0688 0
14.5 15.0688 0
17.4 15.0688 0
20.3 15.0688 0
23.2 15.0688 0
26.1 15.0688 0
29 15.0688 0
10.15 17.5803 0
7.25 17.5803 0
4.35 17.5803 0
1.45 17.5803 0
13.05 17.5803 0
15.95 17.5803 0
18.85 17.5803 0
21.75 17.5803 0
24.65 17.5803 0
27.55 17.5803 0
11.6 20.0918 0
8.7 20.0918 0
5.8 20.0918 0
2.9 20.0918 0
8.88178e-16 20.0918 0
14.5 20.0918 0
17.4 20.0918 0
20.3 20.0918 0
23.2 20.0918 0
26.1 20.0918 0
29 20.0918 0
13.05 22.6033 0
10.15 22.6033 0
7.25 22.6033 0
4.35 22.6033 0
1.45 22.6033 0
15.95 22.6033 0
18.85 22.6033 0
21.75 22.6033 0
24.65 22.6033 0
27.55 22.6033 0
14.5 25.1147 0
11.6 25.1147 0
8.7 25.1147 0
5.8 25.1147 0
2.9 25.1147 0
17.4 25.1147 0
20.3 25.1147 0
23.2 25.1147 0
26.1 25.1147 0
29 25.1147 0
15.95 27.6262 0
13.05 27.6262 0
10.15 27.6262 0
7.25 27.6262 0
4.35 27.6262 0
1.45 27.6262 0
18.85 27.6262 0
21.75 27.6262 0
24.65 27.6262 0
27.55 27.6262 0
