500
0 0 0
0 2.9 0
0 5.8 0
0 8.7 0
0 11.6 0
0 14.5 0
0 17.4 0
0 20.3 0
0 23.2 0
0 26.1 0
0 29 0
0 31.9 0
0 34.8 0
0 37.7 0
0 -2.9 0
0 -5.8 0
0 -8.7 0
0 -11.6 0
0 -14.5 0
0 -17.4 0
0 -20.3 0
0 -23.2 0
0 -26.1 0
0 -29 0
0 -31.9 0
0 -34.8 0
0 -37.7 0
2.51147 -1.45 0
2.51147 1.45 0
2.51147 4.35 0
2.51147 7.25 0
2.51147 10.15 0
2.51147 13.05 0
2.51147 15.95 0
2.51147 18.85 0
2.51147 21.75 0
2.51147 24.65 0
2.51147 27.55 0
2.51147 30.45 0
2.51147 33.35 0
2.51147 36.25 0
2.51147 39.15 0
2.51147 -4.35 0
2.51147 -7.25 0
2.51147 -10.15 0
2.51147 -13.05 0
2.51147 -15.95 0
2.51147 -18.85 0
2.51147 -21.75 0
2.51147 -24.65 0
2.51147 -27.55 0
2.51147 -30.45 0
2.51147 -33.35 0
2.51147 -36.25 0
2.51147 -39.15 0
5.02295 -1.55431e-15 0
5.02295 2.9 0
5.02295 5.8 0
5.02295 8.7 0
5.02295 11.6 0
5.02295 14.5 0
5.02295 17.4 0
5.02295 20.3 0
5.02295 23.2 0
5.02295 26.1 0
5.02295 29 0
5.02295 31.9 0
5.02295 34.8 0
5.02295 37.7 0
5.02295 -2.9 0
5.02295 -5.8 0
5.02295 -8.7 0
5.02295 -11.6 0
5.02295 -14.5 0
5.02295 -17.4 0
5.02295 -20.3 0
5.02295 -23.2 0
5.02295 -26.1 0
5.02295 -29 0
5.02295 -31.9 0
5.02295 -34.8 0
5.02295 -37.7 0
7.53442 1.45 0
7.53442 4.35 0
7.53442 7.25 0
7.53442 10.15 0
7.53442 13.05 0
7.53442 15.95 0
7.53442 18.85 0
7.53442 21.75 0
7.53442 24.65 0
7.53442 27.55 0
7.53442 30.45 0
7.53442 33.35 0
7.53442 36.25 0
7.53442 39.15 0
7.53442 -1.45 0
7.53442 -4.35 0
7.53442 -7.25 0
7.53442 -10.15 0
7.53442 -13.05 0
7.53442 -15.95 0
7.53442 -18.85 0
7.53442 -21.75 0
7.53442 -24.65 0
7.53442 -27.55 0
7.53442 -30.45 0
7.53442 -33.35 0
7.53442 -36.25 0
7.53442 -39.15 0
10.0459 -3.10862e-15 0
10.0459 2.9 0
10.0459 5.8 0
10.0459 8.7 0
10.0459 11.6 0
10.0459 14.5 0
10.0459 17.4 0
10.0459 20.3 0
10.0459 23.2 0
10.0459 26.1 0
10.0459 29 0
10.0459 31.9 0
10.0459 34.8 0
10.0459 37.7 0
10.0459 -2.9 0
10.0459 -5.8 0
10.0459 -8.7 0
10.0459 -11.6 0
10.0459 -14.5 0
10.0459 -17.4 0
10.0459 -20.3 0
10.0459 -23.2 0
10.0459 -26.1 0
10.0459 -29 0
10.0459 -31.9 0
10.0459 -34.8 0
10.0459 -37.7 0
12.5574 1.45 0
12.5574 4.35 0
12.5574 7.25 0
12.5574 10.15 0
12.5574 13.05 0
12.5574 15.95 0
12.5574 18.85 0
12.5574 21.75 0
12.5574 24.65 0
12.5574 27.55 0
12.5574 30.45 0
12.5574 33.35 0
12.5574 36.25 0
12.5574 -1.45 0
12.5574 -4.35 0
12.5574 -7.25 0
12.5574 -10.15 0
12.5574 -13.05 0
12.5574 -15.95 0
12.5574 -18.85 0
12.5574 -21.75 0
12.5574 -24.65 0
12.5574 -27.55 0
12.5574 -30.45 0
12.5574 -33.35 0
12.5574 -36.25 0
15.0688 -4.66294e-15 0
15.0688 2.9 0
15.0688 5.8 0
15.0688 8.7 0
15.0688 11.6 0
15.0688 14.5 0
15.0688 17.4 0
15.0688 20.3 0
15.0688 23.2 0
15.0688 26.1 0
15.0688 29 0
15.0688 31.9 0
15.0688 34.8 0
15.0688 -2.9 0
15.0688 -5.8 0
15.0688 -8.7 0
15.0688 -11.6 0
15.0688 -14.5 0
15.0688 -17.4 0
15.0688 -20.3 0
15.0688 -23.2 0
15.0688 -26.1 0
15.0688 -29 0
15.0688 -31.9 0
15.0688 -34.8 0
17.5803 1.45 0
17.5803 4.35 0
17.5803 7.25 0
17.5803 10.15 0
17.5803 13.05 0
17.5803 15.95 0
17.5803 18.85 0
17.5803 21.75 0
17.5803 24.65 0
17.5803 27.55 0
17.5803 30.45 0
17.5803 33.35 0
17.5803 -1.45 0
17.5803 -4.35 0
17.5803 -7.25 0
17.5803 -10.15 0
17.5803 -13.05 0
17.5803 -15.95 0
17.5803 -18.85 0
17.5803 -21.75 0
17.5803 -24.65 0
17.5803 -27.55 0
17.5803 -30.45 0
17.5803 -33.35 0
20.0918 -6.21725e-15 0
20.0918 2.9 0
20.0918 5.8 0
20.0918 8.7 0
20.0918 11.6 0
20.0918 14.5 0
20.0918 17.4 0
20.0918 20.3 0
20.0918 23.2 0
20.0918 26.1 0
20.0918 29 0
20.0918 31.9 0
20.0918 -2.9 0
20.0918 -5.8 0
20.0918 -8.7 0
20.0918 -11.6 0
20.0918 -14.5 0
20.0918 -17.4 0
20.0918 -20.3 0
20.0918 -23.2 0
20.0918 -26.1 0
20.0918 -29 0
20.0918 -31.9 0
22.6033 1.45 0
22.6033 4.35 0
22.6033 7.25 0
22.6033 10.15 0
22.6033 13.05 0
22.6033 15.95 0
22.6033 18.85 0
22.6033 21.75 0
22.6033 24.65 0
22.6033 27.55 0
22.6033 30.45 0
22.6033 -1.45 0
22.6033 -4.35 0
22.6033 -7.25 0
22.6033 -10.15 0
22.6033 -13.05 0
22.6033 -15.95 0
22.6033 -18.85 0
22.6033 -21.75 0
22.6033 -24.65 0
22.6033 -27.55 0
22.6033 -30.45 0
25.1147 -7.77156e-15 0
25.1147 2.9 0
25.1147 5.8 0
25.1147 8.7 0
25.1147 11.6 0
25.1147 14.5 0
25.1147 17.4 0
25.1147 20.3 0
25.1147 23.2 0
25.1147 26.1 0
25.1147 29 0
25.1147 -2.9 0
25.1147 -5.8 0
25.1147 -8.7 0
25.1147 -11.6 0
25.1147 -14.5 0
25.1147 -17.4 0
25.1147 -20.3 0
25.1147 -23.2 0
25.1147 -26.1 0
25.1147 -29 0
27.6262 1.45 0
27.6262 4.35 0
27.6262 7.25 0
27.6262 10.15 0
27.6262 13.05 0
27.6262 15.95 0
27.6262 18.85 0
27.6262 21.75 0
27.6262 24.65 0
27.6262 27.55 0
27.6262 -1.45 0
27.6262 -4.35 0
27.6262 -7.25 0
27.6262 -10.15 0
27.6262 -13.05 0
27.6262 -15.95 0
27.6262 -18.85 0
27.6262 -21.75 0
27.6262 -24.65 0
27.6262 -27.55 0
30.1377 -9.32587e-15 0
30.1377 2.9 0
30.1377 5.8 0
30.1377 8.7 0
30.1377 11.6 0
30.1377 14.5 0
30.1377 17.4 0
30.1377 20.3 0
30.1377 23.2 0
30.1377 26.1 0
30.1377 -2.9 0
30.1377 -5.8 0
30.1377 -8.7 0
30.1377 -11.6 0
30.1377 -14.5 0
30.1377 -17.4 0
30.1377 -20.3 0
30.1377 -23.2 0
30.1377 -26.1 0
32.6492 1.45 0
32.6492 4.35 0
32.6492 7.25 0
32.6492 10.15 0
32.6492 13.05 0
32.6492 15.95 0
32.6492 18.85 0
32.6492 21.75 0
32.6492 -1.45 0
32.6492 -4.35 0
32.6492 -7.25 0
32.6492 -10.15 0
32.6492 -13.05 0
32.6492 -15.95 0
32.6492 -18.85 0
32.6492 -21.75 0
35.1606 -1.08802e-14 0
35.1606 2.9 0
35.1606 5.8 0
35.1606 8.7 0
35.1606 11.6 0
35.1606 14.5 0
35.1606 17.4 0
35.1606 -2.9 0
35.1606 -5.8 0
35.1606 -8.7 0
35.1606 -11.6 0
35.1606 -14.5 0
35.1606 -17.4 0
37.6721 1.45 0
37.6721 4.35 0
37.6721 7.25 0
37.6721 10.15 0
37.6721 13.05 0
37.6721 -1.45 0
37.6721 -4.35 0
37.6721 -7.25 0
37.6721 -10.15 0
37.6721 -13.05 0
-2.51147 -1.45 0
-2.51147 1.45 0
-2.51147 4.35 0
-2.51147 7.25 0
-2.51147 10.15 0
-2.51147 13.05 0
-2.51147 15.95 0
-2.51147 18.85 0
-2.51147 21.75 0
-2.51147 24.65 0
-2.51147 27.55 0
-2.51147 30.45 0
-2.51147 33.35 0
-2.51147 36.25 0
-2.51147 39.15 0
-2.51147 -4.35 0
-2.51147 -7.25 0
-2.51147 -10.15 0
-2.51147 -13.05 0
-2.51147 -15.95 0
-2.51147 -18.85 0
-2.51147 -21.75 0
-2.51147 -24.65 0
-2.51147 -27.55 0
-2.51147 -30.45 0
-2.51147 -33.35 0
-2.51147 -36.25 0
-2.51147 -39.15 0
-5.02295 6.66134e-16 0
-5.02295 2.9 0
-5.02295 5.8 0
-5.02295 8.7 0
-5.02295 11.6 0
-5.02295 14.5 0
-5.02295 17.4 0
-5.02295 20.3 0
-5.02295 23.2 0
-5.02295 26.1 0
-5.02295 29 0
-5.02295 31.9 0
-5.02295 34.8 0
-5.02295 37.7 0
-5.02295 -2.9 0
-5.02295 -5.8 0
-5.02295 -8.7 0
-5.02295 -11.6 0
-5.02295 -14.5 0
-5.02295 -17.4 0
-5.02295 -20.3 0
-5.02295 -23.2 0
-5.02295 -26.1 0
-5.02295 -29 0
-5.02295 -31.9 0
-5.02295 -34.8 0
-5.02295 -37.7 0
-7.53442 -1.45 0
-7.53442 1.45 0
-7.53442 4.35 0
-7.53442 7.25 0
-7.53442 10.15 0
-7.53442 13.05 0
-7.53442 15.95 0
-7.53442 18.85 0
-7.53442 21.75 0
-7.53442 24.65 0
-7.53442 27.55 0
-7.53442 30.45 0
-7.53442 33.35 0
-7.53442 36.25 0
-7.53442 39.15 0
-7.53442 -4.35 0
-7.53442 -7.25 0
-7.53442 -10.15 0
-7.53442 -13.05 0
-7.53442 -15.95 0
-7.53442 -18.85 0
-7.53442 -21.75 0
-7.53442 -24.65 0
-7.53442 -27.55 0
-7.53442 -30.45 0
-7.53442 -33.35 0
-7.53442 -36.25 0
-7.53442 -39.15 0
-10.0459 1.33227e-15 0
-10.0459 2.9 0
-10.0459 5.8 0
-10.0459 8.7 0
-10.0459 11.6 0
-10.0459 14.5 0
-10.0459 17.4 0
-10.0459 20.3 0
-10.0459 23.2 0
-10.0459 26.1 0
-10.0459 29 0
-10.0459 31.9 0
-10.0459 34.8 0
-10.0459 37.7 0
-10.0459 -2.9 0
-10.0459 -5.8 0
-10.0459 -8.7 0
-10.0459 -11.6 0
-10.0459 -14.5 0
-10.0459 -17.4 0
-10.0459 -20.3 0
-10.0459 -23.2 0
-10.0459 -26.1 0
-10.0459 -29 0
-10.0459 -31.9 0
-10.0459 -34.8 0
-10.0459 -37.7 0
-12.5574 -1.45 0
-12.5574 1.45 0
-12.5574 4.35 0
-12.5574 7.25 0
-12.5574 10.15 0
-12.5574 13.05 0
-12.5574 15.95 0
-12.5574 18.85 0
-12.5574 21.75 0
-12.5574 24.65 0
-12.5574 27.55 0
-12.5574 30.45 0
-12.5574 33.35 0
-12.5574 36.25 0
-12.5574 -4.35 0
-12.5574 -7.25 0
-12.5574 -10.15 0
-12.5574 -13.05 0
-12.5574 -15.95 0
-12.5574 -18.85 0
-12.5574 -21.75 0
-12.5574 -24.65 0
-12.5574 -27.55 0
-12.5574 -30.45 0
-12.5574 -33.35 0
-12.5574 -36.25 0
-15.0688 1.9984e-15 0
-15.0688 2.9 0
-15.0688 5.8 0
-15.0688 8.7 0
-15.0688 11.6 0
-15.0688 14.5 0
-15.0688 17.4 0
-15.0688 20.3 0
