1200
0 0 0
2.9 0 0
5.8 0 0
8.7 0 0
11.6 0 0
14.5 0 0
17.4 0 0
20.3 0 0
23.2 0 0
26.1 0 0
29 0 0
31.9 0 0
34.8 0 0
37.7 0 0
40.6 0 0
43.5 0 0
46.4 0 0
49.3 0 0
52.2 0 0
55.1 0 0
58 0 0
60.9 0 0
63.8 0 0
66.7 0 0
69.6 0 0
72.5 0 0
75.4 0 0
78.3 0 0
81.2 0 0
84.1 0 0
87 0 0
89.9 0 0
92.8 0 0
95.7 0 0
98.6 0 0
1.45 2.51147 0
4.35 2.51147 0
7.25 2.51147 0
10.15 2.51147 0
13.05 2.51147 0
15.95 2.51147 0
18.85 2.51147 0
21.75 2.51147 0
24.65 2.51147 0
27.55 2.51147 0
30.45 2.51147 0
33.35 2.51147 0
36.25 2.51147 0
39.15 2.51147 0
42.05 2.51147 0
44.95 2.51147 0
47.85 2.51147 0
50.75 2.51147 0
53.65 2.51147 0
56.55 2.51147 0
59.45 2.51147 0
62.35 2.51147 0
65.25 2.51147 0
68.15 2.51147 0
71.05 2.51147 0
73.95 2.51147 0
76.85 2.51147 0
79.75 2.51147 0
82.65 2.51147 0
85.55 2.51147 0
88.45 2.51147 0
91.35 2.51147 0
94.25 2.51147 0
97.15 2.51147 0
2.9 5.02295 0
4.44089e-16 5.02295 0
5.8 5.02295 0
8.7 5.02295 0
11.6 5.02295 0
14.5 5.02295 0
17.4 5.02295 0
20.3 5.02295 0
23.2 5.02295 0
26.1 5.02295 0
29 5.02295 0
31.9 5.02295 0
34.8 5.02295 0
37.7 5.02295 0
40.6 5.02295 0
43.5 5.02295 0
46.4 5.02295 0
49.3 5.02295 0
52.2 5.02295 0
55.1 5.02295 0
58 5.02295 0
60.9 5.02295 0
63.8 5.02295 0
66.7 5.02295 0
69.6 5.02295 0
72.5 5.02295 0
75.4 5.02295 0
78.3 5.02295 0
81.2 5.02295 0
84.1 5.02295 0
87 5.02295 0
89.9 5.02295 0
92.8 5.02295 0
95.7 5.02295 0
98.6 5.02295 0
4.35 7.53442 0
1.45 7.53442 0
7.25 7.53442 0
10.15 7.53442 0
13.05 7.53442 0
15.95 7.53442 0
18.85 7.53442 0
21.75 7.53442 0
24.65 7.53442 0
27.55 7.53442 0
30.45 7.53442 0
33.35 7.53442 0
36.25 7.53442 0
39.15 7.53442 0
42.05 7.53442 0
44.95 7.53442 0
47.85 7.53442 0
50.75 7.53442 0
53.65 7.53442 0
56.55 7.53442 0
59.45 7.53442 0
62.35 7.53442 0
65.25 7.53442 0
68.15 7.53442 0
71.05 7.53442 0
73.95 7.53442 0
76.85 7.53442 0
79.75 7.53442 0
82.65 7.53442 0
85.55 7.53442 0
88.45 7.53442 0
91.35 7.53442 0
94.25 7.53442 0
97.15 7.53442 0
5.8 10.0459 0
2.9 10.0459 0
8.88178e-16 10.0459 0
8.7 10.0459 0
11.6 10.0459 0
14.5 10.0459 0
17.4 10.0459 0
20.3 10.0459 0
23.2 10.0459 0
26.1 10.0459 0
29 10.0459 0
31.9 10.0459 0
34.8 10.0459 0
37.7 10.0459 0
40.6 10.0459 0
43.5 10.0459 0
46.4 10.0459 0
49.3 10.0459 0
52.2 10.0459 0
55.1 10.0459 0
58 10.0459 0
60.9 10.0459 0
63.8 10.0459 0
66.7 10.0459 0
69.6 10.0459 0
72.5 10.0459 0
75.4 10.0459 0
78.3 10.0459 0
81.2 10.0459 0
84.1 10.0459 0
87 10.0459 0
89.9 10.0459 0
92.8 10.0459 0
95.7 10.0459 0
98.6 10.0459 0
7.25 12.5574 0
4.35 12.5574 0
1.45 12.5574 0
10.15 12.5574 0
13.05 12.5574 0
15.95 12.5574 0
18.85 12.5574 0
21.75 12.5574 0
24.65 12.5574 0
27.55 12.5574 0
30.45 12.5574 0
33.35 12.5574 0
36.25 12.5574 0
39.15 12.5574 0
42.05 12.5574 0
44.95 12.5574 0
47.85 12.5574 0
50.75 12.5574 0
53.65 12.5574 0
56.55 12.5574 0
59.45 12.5574 0
62.35 12.5574 0
65.25 12.5574 0
68.15 12.5574 0
71.05 12.5574 0
73.95 12.5574 0
76.85 12.5574 0
79.75 12.5574 0
82.65 12.5574 0
85.55 12.5574 0
88.45 12.5574 0
91.35 12.5574 0
94.25 12.5574 0
97.15 12.5574 0
8.7 15.0688 0
5.8 15.0688 0
2.9 15.0688 0
8.88178e-16 15.0688 0
11.6 15.0688 0
14.5 15.0688 0
17.4 15.0688 0
20.3 15.0688 0
23.2 15.0688 0
26.1 15.0688 0
29 15.0688 0
31.9 15.0688 0
34.8 15.0688 0
37.7 15.0688 0
40.6 15.0688 0
43.5 15.0688 0
46.4 15.0688 0
49.3 15.0688 0
52.2 15.0688 0
55.1 15.0688 0
58 15.0688 0
60.9 15.0688 0
63.8 15.0688 0
66.7 15.0688 0
69.6 15.0688 0
72.5 15.0688 0
75.4 15.0688 0
78.3 15.0688 0
81.2 15.0688 0
84.1 15.0688 0
87 15.0688 0
89.9 15.0688 0
92.8 15.0688 0
95.7 15.0688 0
98.6 15.0688 0
10.15 17.5803 0
7.25 17.5803 0
4.35 17.5803 0
1.45 17.5803 0
13.05 17.5803 0
15.95 17.5803 0
18.85 17.5803 0
21.75 17.5803 0
24.65 17.5803 0
27.55 17.5803 0
30.45 17.5803 0
33.35 17.5803 0
36.25 17.5803 0
39.15 17.5803 0
42.05 17.5803 0
44.95 17.5803 0
47.85 17.5803 0
50.75 17.5803 0
53.65 17.5803 0
56.55 17.5803 0
59.45 17.5803 0
62.35 17.5803 0
65.25 17.5803 0
68.15 17.5803 0
71.05 17.5803 0
73.95 17.5803 0
76.85 17.5803 0
79.75 17.5803 0
82.65 17.5803 0
85.55 17.5803 0
88.45 17.5803 0
91.35 17.5803 0
94.25 17.5803 0
97.15 17.5803 0
11.6 20.0918 0
8.7 20.0918 0
5.8 20.0918 0
2.9 20.0918 0
8.88178e-16 20.0918 0
14.5 20.0918 0
17.4 20.0918 0
20.3 20.0918 0
23.2 20.0918 0
26.1 20.0918 0
29 20.0918 0
31.9 20.0918 0
34.8 20.0918 0
37.7 20.0918 0
40.6 20.0918 0
43.5 20.0918 0
46.4 20.0918 0
49.3 20.0918 0
52.2 20.0918 0
55.1 20.0918 0
58 20.0918 0
60.9 20.0918 0
63.8 20.0918 0
66.7 20.0918 0
69.6 20.0918 0
72.5 20.0918 0
75.4 20.0918 0
78.3 20.0918 0
81.2 20.0918 0
84.1 20.0918 0
87 20.0918 0
89.9 20.0918 0
92.8 20.0918 0
95.7 20.0918 0
98.6 20.0918 0
13.05 22.6033 0
10.15 22.6033 0
7.25 22.6033 0
4.35 22.6033 0
1.45 22.6033 0
15.95 22.6033 0
18.85 22.6033 0
21.75 22.6033 0
24.65 22.6033 0
27.55 22.6033 0
30.45 22.6033 0
33.35 22.6033 0
36.25 22.6033 0
39.15 22.6033 0
42.05 22.6033 0
44.95 22.6033 0
47.85 22.6033 0
50.75 22.6033 0
53.65 22.6033 0
56.55 22.6033 0
59.45 22.6033 0
62.35 22.6033 0
65.25 22.6033 0
68.15 22.6033 0
71.05 22.6033 0
73.95 22.6033 0
76.85 22.6033 0
79.75 22.6033 0
82.65 22.6033 0
85.55 22.6033 0
88.45 22.6033 0
91.35 22.6033 0
94.25 22.6033 0
97.15 22.6033 0
14.5 25.1147 0
11.6 25.1147 0
8.7 25.1147 0
5.8 25.1147 0
2.9 25.1147 0
17.4 25.1147 0
20.3 25.1147 0
23.2 25.1147 0
26.1 25.1147 0
29 25.1147 0
31.9 25.1147 0
34.8 25.1147 0
37.7 25.1147 0
40.6 25.1147 0
43.5 25.1147 0
46.4 25.1147 0
49.3 25.1147 0
52.2 25.1147 0
55.1 25.1147 0
58 25.1147 0
60.9 25.1147 0
63.8 25.1147 0
66.7 25.1147 0
69.6 25.1147 0
72.5 25.1147 0
75.4 25.1147 0
78.3 25.1147 0
81.2 25.1147 0
84.1 25.1147 0
87 25.1147 0
89.9 25.1147 0
92.8 25.1147 0
95.7 25.1147 0
98.6 25.1147 0
15.95 27.6262 0
13.05 27.6262 0
10.15 27.6262 0
7.25 27.6262 0
4.35 27.6262 0
1.45 27.6262 0
18.85 27.6262 0
21.75 27.6262 0
24.65 27.6262 0
27.55 27.6262 0
30.45 27.6262 0
33.35 27.6262 0
36.25 27.6262 0
39.15 27.6262 0
42.05 27.6262 0
44.95 27.6262 0
47.85 27.6262 0
50.75 27.6262 0
53.65 27.6262 0
56.55 27.6262 0
59.45 27.6262 0
62.35 27.6262 0
65.25 27.6262 0
68.15 27.6262 0
71.05 27.6262 0
73.95 27.6262 0
76.85 27.6262 0
79.75 27.6262 0
82.65 27.6262 0
85.55 27.6262 0
88.45 27.6262 0
91.35 27.6262 0
94.25 27.6262 0
97.15 27.6262 0
17.4 30.1377 0
14.5 30.1377 0
11.6 30.1377 0
8.7 30.1377 0
5.8 30.1377 0
2.9 30.1377 0
20.3 30.1377 0
23.2 30.1377 0
26.1 30.1377 0
29 30.1377 0
31.9 30.1377 0
34.8 30.1377 0
37.7 30.1377 0
40.6 30.1377 0
43.5 30.1377 0
46.4 30.1377 0
49.3 30.1377 0
52.2 30.1377 0
55.1 30.1377 0
58 30.1377 0
60.9 30.1377 0
63.8 30.1377 0
66.7 30.1377 0
69.6 30.1377 0
72.5 30.1377 0
75.4 30.1377 0
78.3 30.1377 0
81.2 30.1377 0
84.1 30.1377 0
87 30.1377 0
89.9 30.1377 0
92.8 30.1377 0
95.7 30.1377 0
98.6 30.1377 0
18.85 32.6492 0
15.95 32.6492 0
13.05 32.6492 0
10.15 32.6492 0
7.25 32.6492 0
4.35 32.6492 0
1.45 32.6492 0
21.75 32.6492 0
24.65 32.6492 0
27.55 32.6492 0
30.45 32.6492 0
33.35 32.6492 0
36.25 32.6492 0
39.15 32.6492 0
42.05 32.6492 0
44.95 32.6492 0
47.85 32.6492 0
50.75 32.6492 0
53.65 32.6492 0
56.55 32.6492 0
59.45 32.6492 0
62.35 32.6492 0
65.25 32.6492 0
68.15 32.6492 0
71.05 32.6492 0
73.95 32.6492 0
76.85 32.6492 0
79.75 32.6492 0
82.65 32.6492 0
85.55 32.6492 0
88.45 32.6492 0
91.35 32.6492 0
94.25 32.6492 0
97.15 32.6492 0
20.3 35.1606 0
17.4 35.1606 0
14.5 35.1606 0
11.6 35.1606 0
8.7 35.1606 0
5.8 35.1606 0
2.9 35.1606 0
23.2 35.1606 0
26.1 35.1606 0
29 35.1606 0
31.9 35.1606 0
34.8 35.1606 0
37.7 35.1606 0
40.6 35.1606 0
43.5 35.1606 0
46.4 35.1606 0
49.3 35.1606 0
52.2 35.1606 0
55.1 35.1606 0
58 35.1606 0
60.9 35.1606 0
63.8 35.1606 0
66.7 35.1606 0
69.6 35.1606 0
72.5 35.1606 0
75.4 35.1606 0
78.3 35.1606 0
81.2 35.1606 0
84.1 35.1606 0
87 35.1606 0
89.9 35.1606 0
92.8 35.1606 0
95.7 35.1606 0
98.6 35.1606 0
21.75 37.6721 0
18.85 37.6721 0
15.95 37.6721 0
13.05 37.6721 0
10.15 37.6721 0
7.25 37.6721 0
4.35 37.6721 0
1.45 37.6721 0
24.65 37.6721 0
27.55 37.6721 0
30.45 37.6721 0
33.35 37.6721 0
36.25 37.6721 0
39.15 37.6721 0
42.05 37.6721 0
44.95 37.6721 0
47.85 37.6721 0
50.75 37.6721 0
53.65 37.6721 0
56.55 37.6721 0
59.45 37.6721 0
62.35 37.6721 0
65.25 37.6721 0
68.15 37.6721 0
71.05 37.6721 0
73.95 37.6721 0
76.85 37.6721 0
79.75 37.6721 0
82.65 37.6721 0
85.55 37.6721 0
88.45 37.6721 0
91.35 37.6721 0
94.25 37.6721 0
97.15 37.6721 0
23.2 40.1836 0
20.3 40.1836 0
17.4 40.1836 0
14.5 40.1836 0
11.6 40.1836 0
8.7 40.1836 0
5.8 40.1836 0
2.9 40.1836 0
26.1 40.1836 0
29 40.1836 0
31.9 40.1836 0
34.8 40.1836 0
37.7 40.1836 0
40.6 40.1836 0
43.5 40.1836 0
46.4 40.1836 0
49.3 40.1836 0
52.2 40.1836 0
55.1 40.1836 0
58 40.1836 0
60.9 40.1836 0
63.8 40.1836 0
66.7 40.1836 0
69.6 40.1836 0
72.5 40.1836 0
75.4 40.1836 0
78.3 40.1836 0
81.2 40.1836 0
84.1 40.1836 0
87 40.1836 0
89.9 40.1836 0
92.8 40.1836 0
95.7 40.1836 0
98.6 40.1836 0
24.65 42.6951 0
21.75 42.6951 0
18.85 42.6951 0
15.95 42.6951 0
13.05 42.6951 0
10.15 42.6951 0
7.25 42.6951 0
4.35 42.6951 0
1.45 42.6951 0
27.55 42.6951 0
30.45 42.6951 0
33.35 42.6951 0
36.25 42.6951 0
39.15 42.6951 0
42.05 42.6951 0
44.95 42.6951 0
47.85 42.6951 0
50.75 42.6951 0
53.65 42.6951 0
56.55 42.6951 0
59.45 42.6951 0
62.35 42.6951 0
65.25 42.6951 0
68.15 42.6951 0
71.05 42.6951 0
73.95 42.6951 0
76.85 42.6951 0
79.75 42.6951 0
82.65 42.6951 0
85.55 42.6951 0
88.45 42.6951 0
91.35 42.6951 0
94.25 42.6951 0
97.15 42.6951 0
26.1 45.2065 0
23.2 45.2065 0
20.3 45.2065 0
17.4 45.2065 0
14.5 45.2065 0
11.6 45.2065 0
8.7 45.2065 0
5.8 45.2065 0
2.9 45.2065 0
29 45.2065 0
31.9 45.2065 0
34.8 45.2065 0
37.7 45.2065 0
40.6 45.2065 0
43.5 45.2065 0
46.4 45.2065 0
49.3 45.2065 0
52.2 45.2065 0
55.1 45.2065 0
58 45.2065 0
60.9 45.2065 0
63.8 45.2065 0
66.7 45.2065 0
69.6 45.2065 0
72.5 45.2065 0
75.4 45.2065 0
78.3 45.2065 0
81.2 45.2065 0
84.1 45.2065 0
87 45.2065 0
89.9 45.2065 0
92.8 45.2065 0
95.7 45.2065 0
98.6 45.2065 0
27.55 47.718 0
24.65 47.718 0
21.75 47.718 0
18.85 47.718 0
15.95 47.718 0
13.05 47.718 0
10.15 47.718 0
7.25 47.718 0
4.35 47.718 0
1.45 47.718 0
30.45 47.718 0
33.35 47.718 0
36.25 47.718 0
39.15 47.718 0
42.05 47.718 0
44.95 47.718 0
47.85 47.718 0
50.75 47.718 0
53.65 47.718 0
56.55 47.718 0
59.45 47.718 0
62.35 47.718 0
65.25 47.718 0
68.15 47.718 0
71.05 47.718 0
73.95 47.718 0
76.85 47.718 0
79.75 47.718 0
82.65 47.718 0
85.55 47.718 0
88.45 47.718 0
91.35 47.718 0
94.25 47.718 0
97.15 47.718 0
29 50.2295 0
26.1 50.2295 0
23.2 50.2295 0
20.3 50.2295 0
17.4 50.2295 0
14.5 50.2295 0
11.6 50.2295 0
8.7 50.2295 0
5.8 50.2295 0
2.9 50.2295 0
31.9 50.2295 0
34.8 50.2295 0
37.7 50.2295 0
40.6 50.2295 0
43.5 50.2295 0
46.4 50.2295 0
49.3 50.2295 0
52.2 50.2295 0
55.1 50.2295 0
58 50.2295 0
60.9 50.2295 0
63.8 50.2295 0
66.7 50.2295 0
69.6 50.2295 0
72.5 50.2295 0
75.4 50.2295 0
78.3 50.2295 0
81.2 50.2295 0
84.1 50.2295 0
87 50.2295 0
89.9 50.2295 0
92.8 50.2295 0
95.7 50.2295 0
98.6 50.2295 0
30.45 52.7409 0
27.55 52.7409 0
24.65 52.7409 0
21.75 52.7409 0
18.85 52.7409 0
15.95 52.7409 0
13.05 52.7409 0
10.15 52.7409 0
7.25 52.7409 0
4.35 52.7409 0
1.45 52.7409 0
33.35 52.7409 0
36.25 52.7409 0
39.15 52.7409 0
42.05 52.7409 0
44.95 52.7409 0
47.85 52.7409 0
50.75 52.7409 0
53.65 52.7409 0
56.55 52.7409 0
59.45 52.7409 0
62.35 52.7409 0
65.25 52.7409 0
68.15 52.7409 0
71.05 52.7409 0
73.95 52.7409 0
76.85 52.7409 0
79.75 52.7409 0
82.65 52.7409 0
85.55 52.7409 0
88.45 52.7409 0
91.35 52.7409 0
94.25 52.7409 0
97.15 52.7409 0
31.9 55.2524 0
29 55.2524 0
26.1 55.2524 0
23.2 55.2524 0
20.3 55.2524 0
17.4 55.2524 0
14.5 55.2524 0
11.6 55.2524 0
8.7 55.2524 0
5.8 55.2524 0
2.9 55.2524 0
34.8 55.2524 0
37.7 55.2524 0
40.6 55.2524 0
43.5 55.2524 0
46.4 55.2524 0
49.3 55.2524 0
52.2 55.2524 0
55.1 55.2524 0
58 55.2524 0
60.9 55.2524 0
63.8 55.2524 0
66.7 55.2524 0
69.6 55.2524 0
72.5 55.2524 0
75.4 55.2524 0
78.3 55.2524 0
81.2 55.2524 0
84.1 55.2524 0
87 55.2524 0
89.9 55.2524 0
92.8 55.2524 0
95.7 55.2524 0
98.6 55.2524 0
33.35 57.7639 0
30.45 57.7639 0
27.55 57.7639 0
24.65 57.7639 0
21.75 57.7639 0
18.85 57.7639 0
15.95 57.7639 0
13.05 57.7639 0
10.15 57.7639 0
7.25 57.7639 0
4.35 57.7639 0
1.45 57.7639 0
36.25 57.7639 0
39.15 57.7639 0
42.05 57.7639 0
44.95 57.7639 0
47.85 57.7639 0
50.75 57.7639 0
53.65 57.7639 0
56.55 57.7639 0
59.45 57.7639 0
62.35 57.7639 0
65.25 57.7639 0
68.15 57.7639 0
71.05 57.7639 0
73.95 57.7639 0
76.85 57.7639 0
79.75 57.7639 0
82.65 57.7639 0
85.55 57.7639 0
88.45 57.7639 0
91.35 57.7639 0
94.25 57.7639 0
97.15 57.7639 0
34.8 60.2754 0
31.9 60.2754 0
29 60.2754 0
26.1 60.2754 0
23.2 60.2754 0
20.3 60.2754 0
17.4 60.2754 0
14.5 60.2754 0
11.6 60.2754 0
8.7 60.2754 0
5.8 60.2754 0
2.9 60.2754 0
4.44089e-15 60.2754 0
37.7 60.2754 0
40.6 60.2754 0
43.5 60.2754 0
46.4 60.2754 0
49.3 60.2754 0
52.2 60.2754 0
55.1 60.2754 0
58 60.2754 0
60.9 60.2754 0
63.8 60.2754 0
66.7 60.2754 0
69.6 60.2754 0
72.5 60.2754 0
75.4 60.2754 0
78.3 60.2754 0
81.2 60.2754 0
84.1 60.2754 0
87 60.2754 0
89.9 60.2754 0
92.8 60.2754 0
95.7 60.2754 0
98.6 60.2754 0
36.25 62.7868 0
33.35 62.7868 0
30.45 62.7868 0
27.55 62.7868 0
24.65 62.7868 0
21.75 62.7868 0
18.85 62.7868 0
15.95 62.7868 0
13.05 62.7868 0
10.15 62.7868 0
7.25 62.7868 0
4.35 62.7868 0
1.45 62.7868 0
39.15 62.7868 0
42.05 62.7868 0
44.95 62.7868 0
47.85 62.7868 0
50.75 62.7868 0
53.65 62.7868 0
56.55 62.7868 0
59.45 62.7868 0
62.35 62.7868 0
65.25 62.7868 0
68.15 62.7868 0
71.05 62.7868 0
73.95 62.7868 0
76.85 62.7868 0
79.75 62.7868 0
82.65 62.7868 0
85.55 62.7868 0
88.45 62.7868 0
91.35 62.7868 0
94.25 62.7868 0
97.15 62.7868 0
37.7 65.2983 0
34.8 65.2983 0
31.9 65.2983 0
29 65.2983 0
26.1 65.2983 0
23.2 65.2983 0
20.3 65.2983 0
17.4 65.2983 0
14.5 65.2983 0
11.6 65.2983 0
8.7 65.2983 0
5.8 65.2983 0
2.9 65.2983 0
1.15463e-14 65.2983 0
40.6 65.2983 0
43.5 65.2983 0
46.4 65.2983 0
49.3 65.2983 0
52.2 65.2983 0
55.1 65.2983 0
58 65.2983 0
60.9 65.2983 0
63.8 65.2983 0
66.7 65.2983 0
69.6 65.2983 0
72.5 65.2983 0
75.4 65.2983 0
78.3 65.2983 0
81.2 65.2983 0
84.1 65.2983 0
87 65.2983 0
89.9 65.2983 0
92.8 65.2983 0
95.7 65.2983 0
98.6 65.2983 0
39.15 67.8098 0
36.25 67.8098 0
33.35 67.8098 0
30.45 67.8098 0
27.55 67.8098 0
24.65 67.8098 0
21.75 67.8098 0
18.85 67.8098 0
15.95 67.8098 0
13.05 67.8098 0
10.15 67.8098 0
7.25 67.8098 0
4.35 67.8098 0
1.45 67.8098 0
42.05 67.8098 0
44.95 67.8098 0
47.85 67.8098 0
50.75 67.8098 0
53.65 67.8098 0
56.55 67.8098 0
59.45 67.8098 0
62.35 67.8098 0
65.25 67.8098 0
68.15 67.8098 0
71.05 67.8098 0
73.95 67.8098 0
76.85 67.8098 0
79.75 67.8098 0
82.65 67.8098 0
85.55 67.8098 0
88.45 67.8098 0
91.35 67.8098 0
94.25 67.8098 0
97.15 67.8098 0
40.6 70.3213 0
37.7 70.3213 0
34.8 70.3213 0
31.9 70.3213 0
29 70.3213 0
26.1 70.3213 0
23.2 70.3213 0
20.3 70.3213 0
17.4 70.3213 0
14.5 70.3213 0
11.6 70.3213 0
8.7 70.3213 0
5.8 70.3213 0
2.9 70.3213 0
1.86517e-14 70.3213 0
43.5 70.3213 0
46.4 70.3213 0
49.3 70.3213 0
52.2 70.3213 0
55.1 70.3213 0
58 70.3213 0
60.9 70.3213 0
63.8 70.3213 0
66.7 70.3213 0
69.6 70.3213 0
72.5 70.3213 0
75.4 70.3213 0
78.3 70.3213 0
81.2 70.3213 0
84.1 70.3213 0
87 70.3213 0
89.9 70.3213 0
92.8 70.3213 0
95.7 70.3213 0
98.6 70.3213 0
42.05 72.8327 0
39.15 72.8327 0
36.25 72.8327 0
33.35 72.8327 0
30.45 72.8327 0
27.55 72.8327 0
24.65 72.8327 0
21.75 72.8327 0
18.85 72.8327 0
15.95 72.8327 0
13.05 72.8327 0
10.15 72.8327 0
7.25 72.8327 0
4.35 72.8327 0
1.45 72.8327 0
44.95 72.8327 0
47.85 72.8327 0
50.75 72.8327 0
53.65 72.8327 0
56.55 72.8327 0
59.45 72.8327 0
62.35 72.8327 0
65.25 72.8327 0
68.15 72.8327 0
71.05 72.8327 0
73.95 72.8327 0
76.85 72.8327 0
79.75 72.8327 0
82.65 72.8327 0
85.55 72.8327 0
88.45 72.8327 0
91.35 72.8327 0
94.25 72.8327 0
97.15 72.8327 0
43.5 75.3442 0
40.6 75.3442 0
37.7 75.3442 0
34.8 75.3442 0
31.9 75.3442 0
29 75.3442 0
26.1 75.3442 0
23.2 75.3442 0
20.3 75.3442 0
17.4 75.3442 0
14.5 75.3442 0
11.6 75.3442 0
8.7 75.3442 0
5.8 75.3442 0
2.9 75.3442 0
2.57572e-14 75.3442 0
46.4 75.3442 0
49.3 75.3442 0
52.2 75.3442 0
55.1 75.3442 0
58 75.3442 0
60.9 75.3442 0
63.8 75.3442 0
66.7 75.3442 0
69.6 75.3442 0
72.5 75.3442 0
75.4 75.3442 0
78.3 75.3442 0
81.2 75.3442 0
84.1 75.3442 0
87 75.3442 0
89.9 75.3442 0
92.8 75.3442 0
95.7 75.3442 0
98.6 75.3442 0
44.95 77.8557 0
42.05 77.8557 0
39.15 77.8557 0
36.25 77.8557 0
33.35 77.8557 0
30.45 77.8557 0
27.55 77.8557 0
24.65 77.8557 0
21.75 77.8557 0
18.85 77.8557 0
15.95 77.8557 0
13.05 77.8557 0
10.15 77.8557 0
7.25 77.8557 0
4.35 77.8557 0
1.45 77.8557 0
47.85 77.8557 0
50.75 77.8557 0
53.65 77.8557 0
56.55 77.8557 0
59.45 77.8557 0
62.35 77.8557 0
65.25 77.8557 0
68.15 77.8557 0
71.05 77.8557 0
73.95 77.8557 0
76.85 77.8557 0
79.75 77.8557 0
82.65 77.8557 0
85.55 77.8557 0
88.45 77.8557 0
91.35 77.8557 0
94.25 77.8557 0
97.15 77.8557 0
46.4 80.3672 0
43.5 80.3672 0
40.6 80.3672 0
37.7 80.3672 0
34.8 80.3672 0
31.9 80.3672 0
29 80.3672 0
26.1 80.3672 0
23.2 80.3672 0
20.3 80.3672 0
17.4 80.3672 0
14.5 80.3672 0
11.6 80.3672 0
8.7 80.3672 0
5.8 80.3672 0
2.9 80.3672 0
3.28626e-14 80.3672 0
49.3 80.3672 0
52.2 80.3672 0
55.1 80.3672 0
58 80.3672 0
60.9 80.3672 0
63.8 80.3672 0
66.7 80.3672 0
69.6 80.3672 0
72.5 80.3672 0
75.4 80.3672 0
78.3 80.3672 0
81.2 80.3672 0
84.1 80.3672 0
87 80.3672 0
89.9 80.3672 0
92.8 80.3672 0
95.7 80.3672 0
98.6 80.3672 0
47.85 82.8786 0
44.95 82.8786 0
42.05 82.8786 0
39.15 82.8786 0
36.25 82.8786 0
33.35 82.8786 0
30.45 82.8786 0
27.55 82.8786 0
24.65 82.8786 0
21.75 82.8786 0
18.85 82.8786 0
15.95 82.8786 0
13.05 82.8786 0
10.15 82.8786 0
7.25 82.8786 0
4.35 82.8786 0
1.45 82.8786 0
50.75 82.8786 0
53.65 82.8786 0
56.55 82.8786 0
59.45 82.8786 0
62.35 82.8786 0
65.25 82.8786 0
68.15 82.8786 0
71.05 82.8786 0
73.95 82.8786 0
76.85 82.8786 0
79.75 82.8786 0
82.65 82.8786 0
85.55 82.8786 0
88.45 82.8786 0
91.35 82.8786 0
94.25 82.8786 0
97.15 82.8786 0
49.3 85.3901 0
46.4 85.3901 0
43.5 85.3901 0
40.6 85.3901 0
37.7 85.3901 0
34.8 85.3901 0
31.9 85.3901 0
29 85.3901 0
26.1 85.3901 0
23.2 85.3901 0
20.3 85.3901 0
17.4 85.3901 0
14.5 85.3901 0
11.6 85.3901 0
8.7 85.3901 0
5.8 85.3901 0
2.9 85.3901 0
3.9968e-14 85.3901 0
52.2 85.3901 0
55.1 85.3901 0
58 85.3901 0
60.9 85.3901 0
63.8 85.3901 0
66.7 85.3901 0
69.6 85.3901 0
72.5 85.3901 0
75.4 85.3901 0
78.3 85.3901 0
81.2 85.3901 0
84.1 85.3901 0
87 85.3901 0
89.9 85.3901 0
92.8 85.3901 0
95.7 85.3901 0
