100
0 0 0
0 2.9 0
0 5.8 0
0 8.7 0
0 11.6 0
0 14.5 0
0 17.4 0
0 20.3 0
0 23.2 0
0 26.1 0
0 29 0
0 -2.9 0
0 -5.8 0
0 -8.7 0
0 -11.6 0
0 -14.5 0
0 -17.4 0
0 -20.3 0
0 -23.2 0
0 -26.1 0
0 -29 0
2.51147 -1.45 0
2.51147 1.45 0
2.51147 4.35 0
2.51147 7.25 0
2.51147 10.15 0
2.51147 13.05 0
2.51147 15.95 0
2.51147 18.85 0
2.51147 21.75 0
2.51147 24.65 0
2.51147 27.55 0
2.51147 -4.35 0
2.51147 -7.25 0
2.51147 -10.15 0
2.51147 -13.05 0
2.51147 -15.95 0
2.51147 -18.85 0
2.51147 -21.75 0
2.51147 -24.65 0
2.51147 -27.55 0
5.02295 -1.55431e-15 0
5.02295 2.9 0
5.02295 5.8 0
5.02295 8.7 0
5.02295 11.6 0
5.02295 14.5 0
5.02295 17.4 0
5.02295 20.3 0
5.02295 23.2 0
5.02295 26.1 0
5.02295 29 0
5.02295 -2.9 0
5.02295 -5.8 0
5.02295 -8.7 0
5.02295 -11.6 0
5.02295 -14.5 0
5.02295 -17.4 0
5.02295 -20.3 0
5.02295 -23.2 0
5.02295 -26.1 0
5.02295 -29 0
7.53442 1.45 0
7.53442 4.35 0
7.53442 7.25 0
7.53442 10.15 0
7.53442 13.05 0
7.53442 15.95 0
7.53442 18.85 0
7.53442 21.75 0
7.53442 24.65 0
7.53442 27.55 0
7.53442 -1.45 0
7.53442 -4.35 0
7.53442 -7.25 0
7.53442 -10.15 0
7.53442 -13.05 0
7.53442 -15.95 0
7.53442 -18.85 0
7.53442 -21.75 0
7.53442 -24.65 0
7.53442 -27.55 0
10.0459 -3.10862e-15 0
10.0459 2.9 0
10.0459 5.8 0
10.0459 8.7 0
10.0459 11.6 0
10.0459 14.5 0
10.0459 17.4 0
10.0459 20.3 0
10.0459 23.2 0
10.0459 26.1 0
10.0459 -2.9 0
10.0459 -5.8 0
10.0459 -8.7 0
10.0459 -11.6 0
10.0459 -14.5 0
10.0459 -17.4 0
10.0459 -20.3 0
10.0459 -23.2 0
